%YAML:1.0
---
type: IMU
name: imu_sim1
Gyr:
   unit: " rad/s"
   avg-axis:
      gyr_n: 2.0990557955426917e-01
      gyr_w: 9.0592259266984417e-04
   x-axis:
      gyr_n: 2.0988395675602209e-01
      gyr_w: 1.0895095654648379e-03
   y-axis:
      gyr_n: 2.0537999021142939e-01
      gyr_w: 7.7976919350415804e-04
   z-axis:
      gyr_n: 2.1445279169535603e-01
      gyr_w: 8.4848901904053641e-04
Acc:
   unit: " m/s^2"
   avg-axis:
      acc_n: 2.6779392887890069e-01
      acc_w: 3.3180558662484396e-03
   x-axis:
      acc_n: 2.6724063592236097e-01
      acc_w: 3.3666405655466353e-03
   y-axis:
      acc_n: 2.6853539581068314e-01
      acc_w: 3.5987591031358323e-03
   z-axis:
      acc_n: 2.6760575490365807e-01
      acc_w: 2.9887679300628508e-03
