%YAML:1.0
---
type: IMU
name: imu_sim2
Gyr:
   unit: " rad/s"
   avg-axis:
      gyr_n: 2.1034394313144375e-01
      gyr_w: 9.0648652958334015e-04
   x-axis:
      gyr_n: 2.0688709776211028e-01
      gyr_w: 8.0817795911884921e-04
   y-axis:
      gyr_n: 2.1060392777551856e-01
      gyr_w: 9.2296151481218098e-04
   z-axis:
      gyr_n: 2.1354080385670238e-01
      gyr_w: 9.8832011481899003e-04
Acc:
   unit: " m/s^2"
   avg-axis:
      acc_n: 2.6787859236629968e-01
      acc_w: 3.3974545093267278e-03
   x-axis:
      acc_n: 2.6458713053915101e-01
      acc_w: 3.2560157395729156e-03
   y-axis:
      acc_n: 2.7152238362468611e-01
      acc_w: 3.4891709421310839e-03
   z-axis:
      acc_n: 2.6752626293506193e-01
      acc_w: 3.4471768462761843e-03
